<?xml version="1.0" encoding="utf-8"?>
<COLLADA xmlns="http://www.collada.org/2005/11/COLLADASchema" version="1.4.1">
  <asset>
    <contributor>
      <author>Mixamo</author>
      <authoring_tool>COLLADA Mixamo exporter</authoring_tool>
      <comments/>
    </contributor>
    <created>2023-12-13T16:00:57Z</created>
    <modified>2023-12-13T16:00:57Z</modified>
    <revision/>
    <title/>
    <unit meter="0.010000"/>
    <up_axis>Y_UP</up_axis>
  </asset>
  <library_animations>
    <animation id="mixamorig_Hips-anim" name="mixamorig_Hips">
      <source id="mixamorig_Hips-Matrix-animation-input">
        <float_array id="mixamorig_Hips-Matrix-animation-input-array" count="250">

0.000000 0.033333 0.066667 0.100000 0.133333 0.166667 0.200000 0.233333 0.266667 0.300000 0.333333 0.366667 0.400000 0.433333 0.466667 0.500000
0.533333 0.566667 0.600000 0.633333 0.666667 0.700000 0.733333 0.766667 0.800000 0.833333 0.866667 0.900000 0.933333 0.966667 1.000000 1.033333
1.066667 1.100000 1.133333 1.166667 1.200000 1.233333 1.266667 1.300000 1.333333 1.366667 1.400000 1.433333 1.466667 1.500000 1.533333 1.566667
1.600000 1.633333 1.666667 1.700000 1.733333 1.766667 1.800000 1.833333 1.866667 1.900000 1.933333 1.966667 2.000000 2.033333 2.066667 2.100000
2.133333 2.166667 2.200000 2.233333 2.266667 2.300000 2.333333 2.366667 2.400000 2.433333 2.466667 2.500000 2.533333 2.566667 2.600000 2.633333
2.666667 2.700000 2.733333 2.766667 2.800000 2.833333 2.866667 2.900000 2.933333 2.966667 3.000000 3.033333 3.066667 3.100000 3.133333 3.166667
3.200000 3.233333 3.266667 3.300000 3.333333 3.366667 3.400000 3.433333 3.466667 3.500000 3.533333 3.566667 3.600000 3.633333 3.666667 3.700000
3.733333 3.766667 3.800000 3.833333 3.866667 3.900000 3.933333 3.966667 4.000000 4.033333 4.066667 4.100000 4.133333 4.166667 4.200000 4.233333
4.266667 4.300000 4.333333 4.366667 4.400000 4.433333 4.466667 4.500000 4.533333 4.566667 4.600000 4.633333 4.666667 4.700000 4.733333 4.766667
4.800000 4.833333 4.866667 4.900000 4.933333 4.966667 5.000000 5.033333 5.066667 5.100000 5.133333 5.166667 5.200000 5.233333 5.266667 5.300000
5.333333 5.366667 5.400000 5.433333 5.466667 5.500000 5.533333 5.566667 5.600000 5.633333 5.666667 5.700000 5.733333 5.766667 5.800000 5.833333
5.866667 5.900000 5.933333 5.966667 6.000000 6.033333 6.066667 6.100000 6.133333 6.166667 6.200000 6.233333 6.266667 6.300000 6.333333 6.366667
6.400000 6.433333 6.466667 6.500000 6.533333 6.566667 6.600000 6.633333 6.666667 6.700000 6.733333 6.766667 6.800000 6.833333 6.866667 6.900000
6.933333 6.966667 7.000000 7.033333 7.066667 7.100000 7.133333 7.166667 7.200000 7.233333 7.266667 7.300000 7.333333 7.366667 7.400000 7.433333
7.466667 7.500000 7.533333 7.566667 7.600000 7.633333 7.666667 7.700000 7.733333 7.766667 7.800000 7.833333 7.866667 7.900000 7.933333 7.966667
8.000000 8.033333 8.066667 8.100000 8.133333 8.166667 8.200000 8.233333 8.266667 8.300000</float_array>
        <technique_common>
          <accessor source="#mixamorig_Hips-Matrix-animation-input-array" count="250">
            <param name="TIME" type="float"/>
          </accessor>
        </technique_common>
      </source>
      <source id="mixamorig_Hips-Matrix-animation-output-transform">
        <float_array id="mixamorig_Hips-Matrix-animation-output-transform-array" count="4000">

0.921726 0.080785 -0.379335 8.077163 -0.030590 0.990162 0.136543 105.962143 0.386633 -0.114251 0.915129 1.969696 0.000000 0.000000 0.000000 1.000000
0.922006 0.080305 -0.378755 8.071985 -0.029759 0.990058 0.137475 105.978333 0.386029 -0.115481 0.915230 1.968887 0.000000 0.000000 0.000000 1.000000
0.922275 0.079798 -0.378208 8.071591 -0.028907 0.989957 0.138381 105.985397 0.385452 -0.116692 0.915319 1.970543 0.000000 0.000000 0.000000 1.000000
0.922525 0.079301 -0.377702 8.087357 -0.028074 0.989858 0.139258 105.989235 0.384915 -0.117866 0.915395 1.975128 0.000000 0.000000 0.000000 1.000000
0.922753 0.078794 -0.377252 8.121411 -0.027239 0.989763 0.140100 105.994820 0.384429 -0.119001 0.915452 1.982316 0.000000 0.000000 0.000000 1.000000
0.922956 0.078312 -0.376854 8.156853 -0.026446 0.989672 0.140890 106.002792 0.383995 -0.120069 0.915495 1.992556 0.000000 0.000000 0.000000 1.000000
0.923139 0.077874 -0.376498 8.173459 -0.025724 0.989588 0.141613 106.009422 0.383605 -0.121043 0.915530 2.008487 0.000000 0.000000 0.000000 1.000000
0.923290 0.077479 -0.376209 8.172664 -0.025063 0.989509 0.142279 106.011581 0.383286 -0.121935 0.915546 2.033750 0.000000 0.000000 0.000000 1.000000
0.923373 0.077204 -0.376062 8.172425 -0.024517 0.989429 0.142929 106.010498 0.383121 -0.122757 0.915505 2.067936 0.000000 0.000000 0.000000 1.000000
0.923361 0.077131 -0.376105 8.180493 -0.024173 0.989348 0.143549 106.008850 0.383170 -0.123456 0.915390 2.105440 0.000000 0.000000 0.000000 1.000000
0.923298 0.077154 -0.376254 8.188127 -0.023991 0.989288 0.143988 106.006905 0.383334 -0.123918 0.915259 2.141906 0.000000 0.000000 0.000000 1.000000
0.923257 0.077119 -0.376362 8.182707 -0.023888 0.989274 0.144108 106.005089 0.383439 -0.124058 0.915196 2.174558 0.000000 0.000000 0.000000 1.000000
0.923267 0.077047 -0.376353 8.165662 -0.023863 0.989292 0.143987 106.004257 0.383417 -0.123957 0.915219 2.202525 0.000000 0.000000 0.000000 1.000000
0.923315 0.077007 -0.376243 8.140910 -0.023910 0.989316 0.143811 106.003746 0.383298 -0.123787 0.915292 2.224337 0.000000 0.000000 0.000000 1.000000
0.923390 0.076965 -0.376067 8.126533 -0.023965 0.989341 0.143632 106.004471 0.383113 -0.123615 0.915393 2.237275 0.000000 0.000000 0.000000 1.000000
0.923480 0.076833 -0.375875 8.101434 -0.023934 0.989370 0.143436 106.004929 0.382900 -0.123464 0.915502 2.254774 0.000000 0.000000 0.000000 1.000000
0.923556 0.076644 -0.375726 8.072026 -0.023820 0.989396 0.143275 106.006447 0.382723 -0.123373 0.915588 2.277121 0.000000 0.000000 0.000000 1.000000
0.923595 0.076530 -0.375653 8.048779 -0.023730 0.989406 0.143224 106.007744 0.382634 -0.123367 0.915627 2.302111 0.000000 0.000000 0.000000 1.000000
0.923593 0.076576 -0.375648 8.001857 -0.023757 0.989397 0.143278 106.007530 0.382637 -0.123406 0.915620 2.326832 0.000000 0.000000 0.000000 1.000000
0.923567 0.076711 -0.375684 7.953437 -0.023874 0.989387 0.143332 106.010300 0.382692 -0.123407 0.915597 2.343123 0.000000 0.000000 0.000000 1.000000
0.923556 0.076739 -0.375707 7.920463 -0.023928 0.989395 0.143268 106.014122 0.382717 -0.123326 0.915597 2.359369 0.000000 0.000000 0.000000 1.000000
0.923582 0.076619 -0.375666 7.877533 -0.023878 0.989421 0.143093 106.015831 0.382656 -0.123188 0.915641 2.378620 0.000000 0.000000 0.000000 1.000000
0.923627 0.076495 -0.375582 7.829076 -0.023765 0.989427 0.143074 106.017296 0.382555 -0.123221 0.915679 2.395391 0.000000 0.000000 0.000000 1.000000
0.923674 0.076231 -0.375519 7.800453 -0.023429 0.989413 0.143222 106.018867 0.382461 -0.123492 0.915682 2.411616 0.000000 0.000000 0.000000 1.000000
0.923739 0.075963 -0.375416 7.769523 -0.023167 0.989423 0.143200 106.019135 0.382322 -0.123582 0.915728 2.427353 0.000000 0.000000 0.000000 1.000000
0.923762 0.075894 -0.375371 7.734116 -0.023121 0.989431 0.143148 106.019371 0.382268 -0.123555 0.915754 2.433710 0.000000 0.000000 0.000000 1.000000
0.923815 0.075995 -0.375220 7.683707 -0.023188 0.989408 0.143299 106.019386 0.382135 -0.123681 0.915792 2.442022 0.000000 0.000000 0.000000 1.000000
0.923870 0.076348 -0.375014 7.612351 -0.023655 0.989417 0.143156 106.021332 0.381975 -0.123387 0.915899 2.439312 0.000000 0.000000 0.000000 1.000000
0.923923 0.076832 -0.374783 7.559758 -0.024429 0.989476 0.142622 106.027626 0.381797 -0.122616 0.916077 2.420671 0.000000 0.000000 0.000000 1.000000
0.924099 0.077331 -0.374247 7.572271 -0.025063 0.989467 0.142570 106.036835 0.381330 -0.122369 0.916304 2.420455 0.000000 0.000000 0.000000 1.000000
0.924232 0.078094 -0.373760 7.651677 -0.025970 0.989451 0.142518 106.049782 0.380948 -0.122013 0.916511 2.436711 0.000000 0.000000 0.000000 1.000000
0.924134 0.079113 -0.373788 7.802018 -0.027496 0.989562 0.141463 106.069290 0.381078 -0.120453 0.916663 2.460701 0.000000 0.000000 0.000000 1.000000
0.923985 0.080768 -0.373804 8.055647 -0.029850 0.989693 0.140060 106.098175 0.381263 -0.118255 0.916872 2.477419 0.000000 0.000000 0.000000 1.000000
0.923731 0.082981 -0.373945 8.482218 -0.032538 0.989723 0.139250 106.123772 0.381657 -0.116462 0.916938 2.545690 0.000000 0.000000 0.000000 1.000000
0.923023 0.089085 -0.374290 9.095229 -0.038545 0.989342 0.140419 106.132401 0.382810 -0.115183 0.916618 2.765218 0.000000 0.000000 0.000000 1.000000
0.922175 0.095439 -0.374813 9.885544 -0.044710 0.988885 0.141798 106.167297 0.384180 -0.114004 0.916192 3.078359 0.000000 0.000000 0.000000 1.000000
0.921092 0.101855 -0.375786 10.898398 -0.051731 0.988633 0.141167 106.244133 0.385893 -0.110588 0.915891 3.481728 0.000000 0.000000 0.000000 1.000000
0.919914 0.108606 -0.376781 12.140329 -0.059336 0.988369 0.140024 106.372276 0.387606 -0.106453 0.915658 3.951454 0.000000 0.000000 0.000000 1.000000
0.918494 0.117150 -0.377684 13.618845 -0.066565 0.987284 0.144357 106.598022 0.389793 -0.107450 0.914612 4.463982 0.000000 0.000000 0.000000 1.000000
0.916175 0.128277 -0.379696 15.219085 -0.074823 0.985483 0.152397 106.902679 0.393733 -0.111213 0.912473 4.985424 0.000000 0.000000 0.000000 1.000000
0.913388 0.138423 -0.382834 16.789330 -0.083454 0.984111 0.156718 107.244598 0.398445 -0.111196 0.910427 5.492251 0.000000 0.000000 0.000000 1.000000
0.908150 0.147106 -0.391948 18.259405 -0.091471 0.983334 0.157124 107.538559 0.408529 -0.106840 0.906471 5.917337 0.000000 0.000000 0.000000 1.000000
0.899164 0.157921 -0.408124 19.545399 -0.101251 0.982386 0.157055 107.733475 0.425737 -0.099896 0.899316 6.241579 0.000000 0.000000 0.000000 1.000000
0.889007 0.170934 -0.424791 20.535284 -0.113013 0.980918 0.158202 107.730507 0.443727 -0.092636 0.891361 6.522592 0.000000 0.000000 0.000000 1.000000
0.882399 0.181511 -0.434081 21.179020 -0.121713 0.979247 0.162055 107.611404 0.454487 -0.090164 0.886178 6.773684 0.000000 0.000000 0.000000 1.000000
0.882526 0.188171 -0.430975 21.594505 -0.126343 0.977634 0.168132 107.504326 0.452974 -0.093930 0.886562 6.976367 0.000000 0.000000 0.000000 1.000000
0.886141 0.194488 -0.420629 21.956760 -0.131836 0.975966 0.173523 107.537575 0.444268 -0.098312 0.890483 7.169266 0.000000 0.000000 0.000000 1.000000
0.890702 0.202005 -0.407240 22.282927 -0.140306 0.974268 0.176398 107.620888 0.432394 -0.099980 0.896125 7.339643 0.000000 0.000000 0.000000 1.000000
0.893950 0.210743 -0.395526 22.543852 -0.150476 0.972450 0.178039 107.615913 0.422149 -0.099641 0.901034 7.488416 0.000000 0.000000 0.000000 1.000000
0.895470 0.217912 -0.388134 22.813410 -0.160033 0.971277 0.176096 107.582146 0.415359 -0.095575 0.904623 7.667024 0.000000 0.000000 0.000000 1.000000
0.896042 0.222794 -0.384019 23.190701 -0.170133 0.971251 0.166510 107.579544 0.410077 -0.083866 0.908187 7.803661 0.000000 0.000000 0.000000 1.000000
0.893730 0.235856 -0.381599 23.634308 -0.188505 0.969339 0.157632 107.705070 0.407077 -0.068948 0.910788 7.869171 0.000000 0.000000 0.000000 1.000000
0.888463 0.262295 -0.376610 24.146252 -0.215898 0.962990 0.161363 108.601791 0.404996 -0.062056 0.912210 7.998587 0.000000 0.000000 0.000000 1.000000
0.891803 0.275146 -0.359141 24.944599 -0.229512 0.959224 0.164967 110.121414 0.389886 -0.064691 0.918588 8.454271 0.000000 0.000000 0.000000 1.000000
0.904073 0.262134 -0.337547 25.479959 -0.222326 0.962992 0.152375 110.193260 0.364998 -0.062713 0.928894 8.792168 0.000000 0.000000 0.000000 1.000000
0.902335 0.268306 -0.337347 25.888834 -0.233981 0.962193 0.139419 109.697647 0.362000 -0.046870 0.930999 8.462687 0.000000 0.000000 0.000000 1.000000
0.888534 0.298703 -0.348257 25.730087 -0.260830 0.953313 0.152190 109.285988 0.377458 -0.044390 0.924962 8.023413 0.000000 0.000000 0.000000 1.000000
0.885890 0.316541 -0.339119 25.462137 -0.273064 0.946781 0.170414 109.594193 0.375014 -0.058367 0.925180 8.335405 0.000000 0.000000 0.000000 1.000000
0.893737 0.310677 -0.323595 25.324371 -0.269692 0.948560 0.165831 109.820961 0.358470 -0.060939 0.931550 8.792768 0.000000 0.000000 0.000000 1.000000
0.892745 0.311692 -0.325352 25.211378 -0.275032 0.948950 0.154439 109.555717 0.356880 -0.048393 0.932896 8.744958 0.000000 0.000000 0.000000 1.000000
0.886770 0.325869 -0.327792 24.944956 -0.287838 0.944219 0.159996 109.517380 0.361646 -0.047528 0.931103 8.720920 0.000000 0.000000 0.000000 1.000000
0.892091 0.324203 -0.314748 24.572746 -0.286492 0.944484 0.160851 109.758217 0.349422 -0.053321 0.935447 8.971188 0.000000 0.000000 0.000000 1.000000
0.900011 0.312615 -0.303729 24.076252 -0.278843 0.948546 0.150027 109.556458 0.335002 -0.050333 0.940872 8.964778 0.000000 0.000000 0.000000 1.000000
0.899487 0.311953 -0.305953 23.321154 -0.279066 0.948937 0.147106 109.105469 0.336221 -0.046939 0.940613 8.756273 0.000000 0.000000 0.000000 1.000000
0.899514 0.313110 -0.304692 22.423853 -0.279810 0.948481 0.148630 108.905899 0.335532 -0.048439 0.940783 8.680225 0.000000 0.000000 0.000000 1.000000
0.906524 0.302472 -0.294491 21.755537 -0.272929 0.952118 0.137771 109.208664 0.322062 -0.044517 0.945671 8.775899 0.000000 0.000000 0.000000 1.000000
0.912783 0.285012 -0.292568 21.204439 -0.260509 0.957931 0.120430 109.377129 0.314584 -0.033709 0.948631 8.825387 0.000000 0.000000 0.000000 1.000000
0.912833 0.273075 -0.303588 20.610195 -0.251200 0.961696 0.109726 109.293541 0.321923 -0.023900 0.946464 8.705802 0.000000 0.000000 0.000000 1.000000
0.911111 0.264340 -0.316230 19.947536 -0.243316 0.964248 0.104990 109.143959 0.332677 -0.018714 0.942855 8.448283 0.000000 0.000000 0.000000 1.000000
0.911807 0.252823 -0.323555 19.229479 -0.231933 0.967341 0.102263 108.988808 0.338843 -0.018201 0.940667 8.137150 0.000000 0.000000 0.000000 1.000000
0.913412 0.239140 -0.329380 18.479675 -0.218266 0.970799 0.099551 108.818520 0.343568 -0.019039 0.938935 7.791217 0.000000 0.000000 0.000000 1.000000
0.914686 0.224883 -0.335824 17.730785 -0.204599 0.974214 0.095111 108.699188 0.348554 -0.018287 0.937110 7.400799 0.000000 0.000000 0.000000 1.000000
0.917625 0.208576 -0.338320 16.930143 -0.189778 0.977864 0.088122 108.657097 0.349211 -0.016657 0.936896 7.009172 0.000000 0.000000 0.000000 1.000000
0.921849 0.189900 -0.337835 16.085407 -0.172800 0.981679 0.080291 108.593414 0.346893 -0.015639 0.937774 6.635125 0.000000 0.000000 0.000000 1.000000
0.923835 0.172287 -0.341827 15.221133 -0.155093 0.984876 0.077237 108.529396 0.349964 -0.018339 0.936584 6.285463 0.000000 0.000000 0.000000 1.000000
0.923911 0.155786 -0.349455 14.272570 -0.137475 0.987526 0.076769 108.476562 0.357056 -0.022886 0.933803 5.879772 0.000000 0.000000 0.000000 1.000000
0.923955 0.139572 -0.356128 13.177337 -0.120536 0.989855 0.075216 108.384804 0.363013 -0.026570 0.931405 5.370348 0.000000 0.000000 0.000000 1.000000
0.925546 0.122772 -0.358177 12.016235 -0.101551 0.991803 0.077549 108.262138 0.364762 -0.035402 0.930428 4.800411 0.000000 0.000000 0.000000 1.000000
0.928761 0.107615 -0.354715 10.870177 -0.083007 0.993009 0.083923 108.123474 0.361267 -0.048500 0.931200 4.136944 0.000000 0.000000 0.000000 1.000000
0.931615 0.094224 -0.351021 9.671372 -0.066650 0.993723 0.089852 107.990387 0.357283 -0.060312 0.932047 3.388113 0.000000 0.000000 0.000000 1.000000
0.933604 0.081093 -0.349008 8.361343 -0.050690 0.994148 0.095396 107.817451 0.354702 -0.071371 0.932251 2.630939 0.000000 0.000000 0.000000 1.000000
0.934687 0.069946 -0.348521 7.007317 -0.036317 0.994110 0.102114 107.759239 0.353611 -0.082787 0.931722 1.878501 0.000000 0.000000 0.000000 1.000000
0.935450 0.057406 -0.348767 5.704170 -0.021428 0.994118 0.106158 107.794296 0.352810 -0.091832 0.931178 1.110099 0.000000 0.000000 0.000000 1.000000
0.937016 0.040559 -0.346922 4.441225 -0.003840 0.994371 0.105883 107.878555 0.349264 -0.097882 0.931898 0.306692 0.000000 0.000000 0.000000 1.000000
0.939426 0.020270 -0.342151 3.169744 0.014938 0.994880 0.099953 108.035042 0.342425 -0.099010 0.934314 -0.537143 0.000000 0.000000 0.000000 1.000000
0.942498 -0.001472 -0.334210 1.949933 0.033741 0.995300 0.090769 108.192810 0.332506 -0.096826 0.938118 -1.392915 0.000000 0.000000 0.000000 1.000000
0.945323 -0.019374 -0.325560 0.889257 0.051148 0.994688 0.089324 108.226257 0.322100 -0.101092 0.941293 -2.121617 0.000000 0.000000 0.000000 1.000000
0.945721 -0.033987 -0.323198 0.000364 0.068417 0.993050 0.095767 108.181381 0.317697 -0.112681 0.941473 -2.628746 0.000000 0.000000 0.000000 1.000000
0.942602 -0.048123 -0.330433 -0.740839 0.086488 0.990977 0.102397 108.049797 0.322524 -0.125098 0.938258 -2.955509 0.000000 0.000000 0.000000 1.000000
0.937557 -0.061005 -0.342440 -1.384346 0.102765 0.989133 0.105146 107.995384 0.332304 -0.133771 0.933638 -3.267779 0.000000 0.000000 0.000000 1.000000
0.932968 -0.073730 -0.352327 -1.954914 0.117942 0.987380 0.105687 107.758575 0.340088 -0.140157 0.929890 -3.675668 0.000000 0.000000 0.000000 1.000000
0.927212 -0.094183 -0.362501 -2.799103 0.142064 0.983978 0.107724 108.084686 0.346548 -0.151381 0.925737 -4.155926 0.000000 0.000000 0.000000 1.000000
0.917256 -0.118540 -0.380251 -4.300306 0.172472 0.978748 0.110927 109.899506 0.359021 -0.167331 0.918207 -4.636996 0.000000 0.000000 0.000000 1.000000
0.907530 -0.128984 -0.399692 -5.440051 0.186847 0.976302 0.109190 110.574326 0.376136 -0.173774 0.910123 -4.762869 0.000000 0.000000 0.000000 1.000000
0.909105 -0.135629 -0.393870 -6.154491 0.187697 0.977461 0.096643 110.233131 0.371885 -0.161787 0.914071 -5.421896 0.000000 0.000000 0.000000 1.000000
0.920567 -0.159473 -0.356546 -6.494670 0.205977 0.973812 0.096253 109.550507 0.331859 -0.162048 0.929306 -6.814223 0.000000 0.000000 0.000000 1.000000
0.922965 -0.186356 -0.336759 -6.543955 0.237549 0.964247 0.117462 108.998268 0.302829 -0.188410 0.934236 -7.279870 0.000000 0.000000 0.000000 1.000000
0.908447 -0.194188 -0.370155 -6.939097 0.257503 0.957542 0.129636 109.346603 0.329265 -0.213083 0.919880 -7.143129 0.000000 0.000000 0.000000 1.000000
0.891812 -0.185117 -0.412800 -7.377793 0.254116 0.959882 0.118540 109.522728 0.374296 -0.210614 0.903075 -6.994435 0.000000 0.000000 0.000000 1.000000
0.893838 -0.186906 -0.407577 -7.410721 0.250369 0.962123 0.107864 109.246964 0.371979 -0.198458 0.906778 -7.407928 0.000000 0.000000 0.000000 1.000000
0.906052 -0.200382 -0.372716 -6.932192 0.262297 0.957108 0.123065 108.722801 0.332070 -0.209265 0.919749 -7.525025 0.000000 0.000000 0.000000 1.000000
0.910334 -0.212739 -0.355013 -6.820817 0.274755 0.952135 0.133975 109.095093 0.309518 -0.219504 0.925212 -7.405485 0.000000 0.000000 0.000000 1.000000
0.910015 -0.205951 -0.359801 -6.814244 0.263773 0.957186 0.119245 109.411613 0.319838 -0.203421 0.925378 -7.361193 0.000000 0.000000 0.000000 1.000000
0.917387 -0.191091 -0.349121 -6.614379 0.241520 0.964510 0.106719 109.068062 0.316338 -0.182222 0.930981 -7.565561 0.000000 0.000000 0.000000 1.000000
0.929669 -0.185281 -0.318411 -6.255820 0.229983 0.967101 0.108735 108.498451 0.287789 -0.174317 0.941696 -7.810346 0.000000 0.000000 0.000000 1.000000
0.936098 -0.180441 -0.301929 -5.872769 0.222783 0.968417 0.111964 108.306686 0.272190 -0.172074 0.946733 -7.894010 0.000000 0.000000 0.000000 1.000000
0.936469 -0.170372 -0.306592 -5.510478 0.212514 0.971000 0.109530 108.351128 0.279040 -0.167727 0.945518 -7.850111 0.000000 0.000000 0.000000 1.000000
0.935498 -0.162479 -0.313758 -5.155820 0.204243 0.973277 0.104959 108.295372 0.288320 -0.162272 0.943684 -7.732227 0.000000 0.000000 0.000000 1.000000
0.937156 -0.154000 -0.313087 -4.816211 0.195093 0.975225 0.104279 108.159607 0.289271 -0.158807 0.943982 -7.552876 0.000000 0.000000 0.000000 1.000000
0.941981 -0.139800 -0.305170 -4.521051 0.181048 0.977167 0.111204 107.971222 0.282656 -0.160002 0.945783 -7.319521 0.000000 0.000000 0.000000 1.000000
0.945607 -0.127759 -0.299175 -4.180072 0.169563 0.978415 0.118121 107.736931 0.277626 -0.162426 0.946859 -7.067003 0.000000 0.000000 0.000000 1.000000
0.944736 -0.121451 -0.304504 -3.660163 0.164859 0.978859 0.121063 107.553719 0.283364 -0.164573 0.944786 -6.800926 0.000000 0.000000 0.000000 1.000000
0.941833 -0.113157 -0.316460 -2.994382 0.160139 0.978949 0.126552 107.479218 0.295477 -0.169868 0.940127 -6.478879 0.000000 0.000000 0.000000 1.000000
0.936465 -0.100931 -0.335926 -2.286789 0.151999 0.979884 0.129318 107.562851 0.316117 -0.172162 0.932969 -6.021600 0.000000 0.000000 0.000000 1.000000
0.923253 -0.092590 -0.372869 -1.622426 0.144766 0.982831 0.114398 107.802193 0.355875 -0.159597 0.920805 -5.305966 0.000000 0.000000 0.000000 1.000000
0.912762 -0.087147 -0.399089 -0.907211 0.136752 0.985795 0.097505 107.952820 0.384922 -0.143575 0.911713 -4.615450 0.000000 0.000000 0.000000 1.000000
0.913892 -0.077309 -0.398527 -0.011917 0.126900 0.986907 0.099558 107.929878 0.385612 -0.141559 0.911737 -4.149962 0.000000 0.000000 0.000000 1.000000
0.916061 -0.066239 -0.395531 0.998321 0.117444 0.987336 0.106654 107.879684 0.383457 -0.144155 0.912239 -3.664955 0.000000 0.000000 0.000000 1.000000
0.915256 -0.058621 -0.398584 2.086003 0.111028 0.987746 0.109680 107.845520 0.387271 -0.144639 0.910550 -3.066623 0.000000 0.000000 0.000000 1.000000
0.913252 -0.049848 -0.404335 3.285690 0.103724 0.988230 0.112444 107.684387 0.393970 -0.144629 0.907673 -2.396476 0.000000 0.000000 0.000000 1.000000
0.910490 -0.036282 -0.411937 4.554982 0.094172 0.988162 0.121110 107.370323 0.402666 -0.149063 0.903128 -1.723985 0.000000 0.000000 0.000000 1.000000
0.907810 -0.022735 -0.418764 5.875323 0.088950 0.986249 0.139284 106.906891 0.409839 -0.163693 0.897350 -1.126399 0.000000 0.000000 0.000000 1.000000
0.903077 -0.014635 -0.429229 7.196295 0.090114 0.983629 0.156058 106.328842 0.419918 -0.179612 0.889612 -0.597218 0.000000 0.000000 0.000000 1.000000
0.894780 -0.009509 -0.446407 8.417260 0.090953 0.982693 0.161373 105.699333 0.437146 -0.184995 0.880159 -0.101290 0.000000 0.000000 0.000000 1.000000
0.886425 -0.004408 -0.462851 9.451118 0.089326 0.982787 0.161713 105.125069 0.454171 -0.184691 0.871560 0.308652 0.000000 0.000000 0.000000 1.000000
0.882369 0.001642 -0.470556 10.192091 0.084962 0.983003 0.162747 104.821075 0.462825 -0.183583 0.867231 0.600863 0.000000 0.000000 0.000000 1.000000
0.883591 0.007687 -0.468197 10.623183 0.078375 0.983333 0.164055 104.952026 0.461654 -0.181653 0.868261 0.848013 0.000000 0.000000 0.000000 1.000000
0.888259 0.009260 -0.459249 10.785341 0.073753 0.983950 0.162490 105.490150 0.453383 -0.178204 0.873320 1.043502 0.000000 0.000000 0.000000 1.000000
0.894114 0.006770 -0.447788 10.673175 0.069802 0.985559 0.154278 106.226807 0.442366 -0.169198 0.880730 1.090182 0.000000 0.000000 0.000000 1.000000
0.898394 0.010031 -0.439075 10.299122 0.060381 0.987425 0.146106 106.937607 0.435019 -0.157772 0.886491 0.968188 0.000000 0.000000 0.000000 1.000000
0.899826 0.021491 -0.435719 9.695460 0.044698 0.988987 0.141089 107.370934 0.433952 -0.146431 0.888956 0.697006 0.000000 0.000000 0.000000 1.000000
0.901404 0.028973 -0.432008 8.987245 0.027828 0.991819 0.124582 107.245865 0.432084 -0.124321 0.893223 0.150783 0.000000 0.000000 0.000000 1.000000
0.907664 0.030241 -0.418606 8.311181 0.010915 0.995362 0.095575 106.383774 0.419555 -0.091320 0.903125 -0.749661 0.000000 0.000000 0.000000 1.000000
0.916229 0.029542 -0.399564 7.769409 -0.003123 0.997774 0.066609 104.847176 0.400642 -0.059781 0.914282 -1.700788 0.000000 0.000000 0.000000 1.000000
0.922603 0.024826 -0.384952 7.373628 -0.011197 0.999230 0.037608 102.921608 0.385589 -0.030387 0.922170 -2.414180 0.000000 0.000000 0.000000 1.000000
0.926047 0.019149 -0.376922 7.032268 -0.016296 0.999809 0.010757 100.985680 0.377056 -0.003819 0.926183 -2.953611 0.000000 0.000000 0.000000 1.000000
0.927225 0.019501 -0.373997 6.703008 -0.022152 0.999751 -0.002789 99.189056 0.373850 0.010871 0.927426 -3.340694 0.000000 0.000000 0.000000 1.000000
0.927097 0.026423 -0.373889 6.459409 -0.029488 0.999562 -0.002479 97.664413 0.373660 0.013323 0.927470 -3.507994 0.000000 0.000000 0.000000 1.000000
0.927994 0.034440 -0.371000 6.350285 -0.037728 0.999287 -0.001608 96.498283 0.370680 0.015490 0.928632 -3.598832 0.000000 0.000000 0.000000 1.000000
0.930435 0.042228 -0.364016 6.325952 -0.048451 0.998794 -0.007978 95.525108 0.363240 0.025060 0.931358 -3.737258 0.000000 0.000000 0.000000 1.000000
0.933019 0.047582 -0.356668 6.350147 -0.057443 0.998202 -0.017100 94.629005 0.355214 0.036443 0.934075 -3.870929 0.000000 0.000000 0.000000 1.000000
0.934449 0.048378 -0.352795 6.462721 -0.059955 0.997960 -0.021953 93.933357 0.351013 0.041665 0.935443 -3.946975 0.000000 0.000000 0.000000 1.000000
0.933684 0.046817 -0.355025 6.668353 -0.058876 0.997995 -0.023235 93.607964 0.353226 0.042597 0.934568 -3.926533 0.000000 0.000000 0.000000 1.000000
0.931811 0.046399 -0.359966 6.898938 -0.058577 0.998018 -0.022992 93.777275 0.358186 0.042510 0.932682 -3.748432 0.000000 0.000000 0.000000 1.000000
0.931076 0.045781 -0.361942 7.156695 -0.057535 0.998106 -0.021758 94.551567 0.360261 0.041083 0.931947 -3.450436 0.000000 0.000000 0.000000 1.000000
0.931368 0.037517 -0.362141 7.535262 -0.049763 0.998459 -0.024544 95.847435 0.360662 0.040881 0.931800 -3.082086 0.000000 0.000000 0.000000 1.000000
0.930647 0.025892 -0.365001 7.984985 -0.038596 0.998875 -0.027549 97.493416 0.363877 0.039726 0.930599 -2.637281 0.000000 0.000000 0.000000 1.000000
0.928739 0.022725 -0.370038 8.353106 -0.031741 0.999329 -0.018293 99.368607 0.369374 0.028735 0.928837 -2.147846 0.000000 0.000000 0.000000 1.000000
0.926966 0.020457 -0.374587 8.677744 -0.023756 0.999709 -0.004191 101.155678 0.374392 0.012783 0.927182 -1.652739 0.000000 0.000000 0.000000 1.000000
0.924243 0.015631 -0.381485 9.007583 -0.015320 0.999875 0.003854 102.505096 0.381497 0.002282 0.924367 -1.232975 0.000000 0.000000 0.000000 1.000000
0.919778 0.012540 -0.392238 9.315989 -0.011645 0.999921 0.004660 103.239029 0.392265 0.000281 0.919852 -0.990024 0.000000 0.000000 0.000000 1.000000
0.915157 0.008926 -0.402998 9.671477 -0.008906 0.999958 0.001923 103.307304 0.402999 0.001829 0.915199 -0.912429 0.000000 0.000000 0.000000 1.000000
0.910399 0.004085 -0.413711 10.070199 -0.006244 0.999973 -0.003865 102.738365 0.413684 0.006101 0.910400 -0.943916 0.000000 0.000000 0.000000 1.000000
0.904979 -0.000101 -0.425455 10.416989 -0.006768 0.999870 -0.014635 101.679802 0.425402 0.016124 0.904861 -1.036118 0.000000 0.000000 0.000000 1.000000
0.899497 -0.001541 -0.436925 10.741876 -0.010299 0.999641 -0.024727 100.329636 0.436806 0.026741 0.899158 -1.184154 0.000000 0.000000 0.000000 1.000000
0.896191 0.002893 -0.443659 11.055474 -0.016054 0.999535 -0.025911 98.873505 0.443378 0.030344 0.895821 -1.340904 0.000000 0.000000 0.000000 1.000000
0.897473 0.007534 -0.441006 11.292851 -0.020932 0.999455 -0.025525 97.586143 0.440573 0.032139 0.897141 -1.407692 0.000000 0.000000 0.000000 1.000000
0.900926 0.010822 -0.433838 11.454857 -0.026073 0.999233 -0.029219 96.717354 0.433189 0.037636 0.900517 -1.396764 0.000000 0.000000 0.000000 1.000000
0.903949 0.017356 -0.427287 11.576951 -0.033938 0.998936 -0.031222 96.336914 0.426291 0.042725 0.903577 -1.326271 0.000000 0.000000 0.000000 1.000000
0.906695 0.023876 -0.421110 11.690399 -0.040326 0.998730 -0.030200 96.475746 0.419855 0.044364 0.906506 -1.181001 0.000000 0.000000 0.000000 1.000000
0.908948 0.027521 -0.416000 11.811526 -0.043222 0.998663 -0.028371 97.103279 0.414662 0.043768 0.908922 -0.990330 0.000000 0.000000 0.000000 1.000000
0.909904 0.030281 -0.413713 11.943702 -0.044377 0.998714 -0.024501 98.096428 0.412439 0.040653 0.910078 -0.764616 0.000000 0.000000 0.000000 1.000000
0.910392 0.032477 -0.412469 12.056334 -0.044185 0.998845 -0.018876 99.324387 0.411380 0.035409 0.910776 -0.484378 0.000000 0.000000 0.000000 1.000000
0.911402 0.033338 -0.410165 12.138929 -0.041881 0.999052 -0.011858 100.615128 0.409381 0.027986 0.911934 -0.159002 0.000000 0.000000 0.000000 1.000000
0.912436 0.035556 -0.407671 12.183491 -0.039427 0.999222 -0.001095 101.854050 0.407315 0.017072 0.913128 0.184735 0.000000 0.000000 0.000000 1.000000
0.913533 0.041455 -0.404647 12.171352 -0.039525 0.999132 0.013125 102.962212 0.404840 0.004004 0.914379 0.511788 0.000000 0.000000 0.000000 1.000000
0.915502 0.049066 -0.399310 12.110670 -0.040893 0.998744 0.028968 103.898003 0.400230 -0.010191 0.916358 0.823804 0.000000 0.000000 0.000000 1.000000
0.917454 0.055882 -0.393897 12.018110 -0.040741 0.998078 0.046704 104.638084 0.395750 -0.026801 0.917967 1.146276 0.000000 0.000000 0.000000 1.000000
0.918801 0.061637 -0.389879 11.892435 -0.039946 0.997182 0.063509 105.184677 0.392695 -0.042778 0.918673 1.451464 0.000000 0.000000 0.000000 1.000000
0.919554 0.066505 -0.387295 11.739890 -0.039889 0.996281 0.076370 105.570435 0.390934 -0.054778 0.918787 1.712797 0.000000 0.000000 0.000000 1.000000
0.919658 0.070954 -0.386257 11.563394 -0.040290 0.995400 0.086923 105.820503 0.390648 -0.064377 0.918286 1.933651 0.000000 0.000000 0.000000 1.000000
0.919653 0.074550 -0.385592 11.386769 -0.040241 0.994538 0.096307 105.903725 0.390666 -0.073052 0.917629 2.076771 0.000000 0.000000 0.000000 1.000000
0.919851 0.077412 -0.384554 11.237350 -0.040105 0.993756 0.104114 105.843735 0.390212 -0.080347 0.917213 2.111884 0.000000 0.000000 0.000000 1.000000
0.918424 0.083684 -0.386645 11.109775 -0.043136 0.992727 0.112397 105.553383 0.393238 -0.086550 0.915354 2.074082 0.000000 0.000000 0.000000 1.000000
0.914100 0.093736 -0.394505 10.979527 -0.049020 0.991324 0.121961 105.196869 0.402515 -0.092146 0.910764 2.011440 0.000000 0.000000 0.000000 1.000000
0.909362 0.100690 -0.403637 10.840537 -0.052409 0.990265 0.128955 104.843071 0.412692 -0.096112 0.905786 1.952955 0.000000 0.000000 0.000000 1.000000
0.905444 0.103929 -0.411546 10.707501 -0.053121 0.989684 0.133055 104.565910 0.421129 -0.098612 0.901624 1.887460 0.000000 0.000000 0.000000 1.000000
0.903291 0.104756 -0.416043 10.565000 -0.052444 0.989421 0.135263 104.426811 0.425812 -0.100363 0.899228 1.814833 0.000000 0.000000 0.000000 1.000000
0.902363 0.104053 -0.418227 10.398022 -0.051599 0.989520 0.134859 104.472801 0.427877 -0.100111 0.898276 1.791208 0.000000 0.000000 0.000000 1.000000
0.900842 0.105652 -0.421095 10.193123 -0.053400 0.989537 0.134036 104.728645 0.430850 -0.098259 0.897058 1.824088 0.000000 0.000000 0.000000 1.000000
0.900109 0.107973 -0.422072 9.963979 -0.055293 0.989280 0.135157 105.083511 0.432141 -0.098318 0.896431 1.879732 0.000000 0.000000 0.000000 1.000000
0.901927 0.106848 -0.418462 9.735876 -0.053672 0.989133 0.136880 105.429901 0.428540 -0.100996 0.897860 1.943614 0.000000 0.000000 0.000000 1.000000
0.904877 0.103460 -0.412908 9.532709 -0.050651 0.989292 0.136881 105.682884 0.422648 -0.102946 0.900428 1.997311 0.000000 0.000000 0.000000 1.000000
0.907531 0.101558 -0.407522 9.341131 -0.049079 0.989320 0.137250 105.823303 0.417108 -0.104558 0.902822 2.039876 0.000000 0.000000 0.000000 1.000000
0.909670 0.101434 -0.402756 9.160831 -0.048766 0.989097 0.138960 105.807495 0.412460 -0.106767 0.904697 2.067726 0.000000 0.000000 0.000000 1.000000
0.911446 0.100332 -0.398999 9.017022 -0.047348 0.988945 0.140519 105.730988 0.408686 -0.109184 0.906121 2.086486 0.000000 0.000000 0.000000 1.000000
0.913029 0.098872 -0.395729 8.883464 -0.045589 0.988834 0.141874 105.611725 0.405338 -0.111494 0.907342 2.107148 0.000000 0.000000 0.000000 1.000000
0.914192 0.099101 -0.392977 8.735574 -0.045023 0.988475 0.144536 105.503159 0.402772 -0.114441 0.908118 2.133906 0.000000 0.000000 0.000000 1.000000
0.914907 0.100711 -0.390900 8.572411 -0.045584 0.987959 0.147846 105.442711 0.401084 -0.117447 0.908481 2.164249 0.000000 0.000000 0.000000 1.000000
0.915797 0.101667 -0.388562 8.395802 -0.046350 0.987721 0.149194 105.448738 0.398959 -0.118622 0.909264 2.198446 0.000000 0.000000 0.000000 1.000000
0.916528 0.102014 -0.386743 8.205751 -0.047172 0.987748 0.148756 105.515251 0.397179 -0.118096 0.910111 2.240034 0.000000 0.000000 0.000000 1.000000
0.915664 0.104390 -0.388152 8.001112 -0.049327 0.987571 0.149234 105.633011 0.398906 -0.117502 0.909432 2.292895 0.000000 0.000000 0.000000 1.000000
0.914378 0.106705 -0.390548 7.819220 -0.051253 0.987391 0.149775 105.766762 0.401605 -0.116934 0.908317 2.347061 0.000000 0.000000 0.000000 1.000000
0.914044 0.106343 -0.391427 7.686244 -0.051172 0.987542 0.148802 105.878494 0.402375 -0.115981 0.908099 2.395301 0.000000 0.000000 0.000000 1.000000
0.913761 0.104788 -0.392505 7.588219 -0.050280 0.987904 0.146689 105.958321 0.403128 -0.114303 0.907977 2.432315 0.000000 0.000000 0.000000 1.000000
0.913504 0.103139 -0.393539 7.525044 -0.049280 0.988260 0.144614 106.003853 0.403834 -0.112712 0.907862 2.452964 0.000000 0.000000 0.000000 1.000000
0.914288 0.101246 -0.392208 7.484692 -0.048015 0.988521 0.143252 106.013260 0.402210 -0.112142 0.908654 2.459336 0.000000 0.000000 0.000000 1.000000
0.915874 0.099285 -0.388996 7.438832 -0.047058 0.988808 0.141581 105.996078 0.398699 -0.111365 0.910295 2.462189 0.000000 0.000000 0.000000 1.000000
0.917118 0.097416 -0.386528 7.411363 -0.046248 0.989134 0.139557 105.966263 0.395923 -0.110114 0.911658 2.463115 0.000000 0.000000 0.000000 1.000000
0.918167 0.095281 -0.384566 7.408889 -0.045110 0.989480 0.137456 105.931046 0.393617 -0.108860 0.912806 2.463682 0.000000 0.000000 0.000000 1.000000
0.918901 0.093949 -0.383138 7.412156 -0.044512 0.989718 0.135933 105.902664 0.391969 -0.107855 0.913634 2.471231 0.000000 0.000000 0.000000 1.000000
0.919139 0.093281 -0.382729 7.421742 -0.044233 0.989854 0.135027 105.889465 0.391441 -0.107180 0.913940 2.484658 0.000000 0.000000 0.000000 1.000000
0.918887 0.092962 -0.383412 7.443610 -0.044131 0.989963 0.134263 105.887802 0.392045 -0.106452 0.913766 2.504521 0.000000 0.000000 0.000000 1.000000
0.918389 0.093080 -0.384575 7.475800 -0.044272 0.990007 0.133890 105.891411 0.393195 -0.105937 0.913332 2.527278 0.000000 0.000000 0.000000 1.000000
0.918288 0.092405 -0.384979 7.525891 -0.043557 0.990058 0.133744 105.891418 0.393510 -0.106047 0.913183 2.537688 0.000000 0.000000 0.000000 1.000000
0.918563 0.091173 -0.384617 7.588775 -0.042529 0.990183 0.133151 105.885826 0.392981 -0.105950 0.913423 2.533628 0.000000 0.000000 0.000000 1.000000
0.918823 0.090247 -0.384214 7.656697 -0.042036 0.990346 0.132093 105.876564 0.392425 -0.105219 0.913746 2.518223 0.000000 0.000000 0.000000 1.000000
0.918636 0.089938 -0.384732 7.723901 -0.042000 0.990459 0.131254 105.863548 0.392866 -0.104416 0.913649 2.494244 0.000000 0.000000 0.000000 1.000000
0.918268 0.090129 -0.385564 7.777869 -0.042050 0.990440 0.131378 105.849075 0.393719 -0.104427 0.913280 2.470830 0.000000 0.000000 0.000000 1.000000
0.918645 0.089149 -0.384895 7.832431 -0.041301 0.990541 0.130854 105.827950 0.392919 -0.104312 0.913637 2.449026 0.000000 0.000000 0.000000 1.000000
0.918746 0.089724 -0.384520 7.864497 -0.041892 0.990493 0.131029 105.822823 0.392620 -0.104274 0.913770 2.422126 0.000000 0.000000 0.000000 1.000000
0.917915 0.092889 -0.385751 7.867556 -0.044253 0.990112 0.133118 105.841270 0.394302 -0.105120 0.912949 2.398505 0.000000 0.000000 0.000000 1.000000
0.916834 0.095446 -0.387692 7.887978 -0.046102 0.989819 0.134660 105.858513 0.396598 -0.105588 0.911900 2.389114 0.000000 0.000000 0.000000 1.000000
0.916488 0.095771 -0.388430 7.918571 -0.046336 0.989800 0.134717 105.872543 0.397370 -0.105469 0.911578 2.379223 0.000000 0.000000 0.000000 1.000000
0.916675 0.094999 -0.388179 7.949217 -0.045589 0.989852 0.134588 105.881096 0.397026 -0.105676 0.911703 2.363739 0.000000 0.000000 0.000000 1.000000
0.916709 0.094834 -0.388139 7.983475 -0.045218 0.989807 0.135042 105.881653 0.396989 -0.106244 0.911653 2.350759 0.000000 0.000000 0.000000 1.000000
0.916467 0.095387 -0.388574 8.012072 -0.045425 0.989693 0.135812 105.879272 0.397523 -0.106816 0.911354 2.339285 0.000000 0.000000 0.000000 1.000000
0.916729 0.094953 -0.388061 8.032259 -0.045207 0.989761 0.135386 105.867950 0.396943 -0.106569 0.911635 2.323556 0.000000 0.000000 0.000000 1.000000
0.916758 0.094521 -0.388100 8.053112 -0.045076 0.989873 0.134605 105.849831 0.396893 -0.105907 0.911735 2.312057 0.000000 0.000000 0.000000 1.000000
0.916420 0.094461 -0.388911 8.085378 -0.045094 0.989930 0.134181 105.836945 0.397669 -0.105429 0.911451 2.297201 0.000000 0.000000 0.000000 1.000000
0.916951 0.092979 -0.388015 8.114759 -0.044219 0.990160 0.132771 105.834480 0.396542 -0.104587 0.912039 2.267273 0.000000 0.000000 0.000000 1.000000
0.917341 0.091729 -0.387391 8.132037 -0.043481 0.990357 0.131542 105.842911 0.395722 -0.103825 0.912483 2.239640 0.000000 0.000000 0.000000 1.000000
0.916619 0.092135 -0.389000 8.151237 -0.043617 0.990319 0.131781 105.844109 0.397376 -0.103826 0.911764 2.224393 0.000000 0.000000 0.000000 1.000000
0.916078 0.092373 -0.390216 8.162993 -0.043717 0.990312 0.131799 105.825020 0.398611 -0.103679 0.911241 2.209527 0.000000 0.000000 0.000000 1.000000
0.916136 0.091825 -0.390210 8.154343 -0.043422 0.990415 0.131120 105.808823 0.398510 -0.103181 0.911342 2.190121 0.000000 0.000000 0.000000 1.000000
0.916523 0.090732 -0.389554 8.153115 -0.042442 0.990494 0.130845 105.810654 0.397723 -0.103389 0.911662 2.165289 0.000000 0.000000 0.000000 1.000000
0.917451 0.089177 -0.387725 8.149733 -0.041286 0.990634 0.130153 105.812111 0.395700 -0.103402 0.912540 2.137420 0.000000 0.000000 0.000000 1.000000
0.918373 0.087843 -0.385844 8.127923 -0.040711 0.990850 0.128683 105.800941 0.393617 -0.102471 0.913545 2.113002 0.000000 0.000000 0.000000 1.000000
0.918326 0.087294 -0.386079 8.117997 -0.040571 0.991000 0.127567 105.794167 0.393740 -0.101485 0.913602 2.093646 0.000000 0.000000 0.000000 1.000000
0.917997 0.086958 -0.386936 8.098588 -0.040294 0.991067 0.127130 105.795670 0.394534 -0.101114 0.913301 2.081602 0.000000 0.000000 0.000000 1.000000
0.918106 0.086589 -0.386761 8.061393 -0.039961 0.991094 0.127029 105.796280 0.394316 -0.101171 0.913389 2.072536 0.000000 0.000000 0.000000 1.000000
0.918158 0.086699 -0.386612 8.030652 -0.040143 0.991100 0.126922 105.790146 0.394175 -0.101014 0.913467 2.058755 0.000000 0.000000 0.000000 1.000000
0.918098 0.087242 -0.386633 8.006385 -0.040580 0.991038 0.127264 105.782516 0.394271 -0.101151 0.913411 2.045567 0.000000 0.000000 0.000000 1.000000
0.918125 0.086920 -0.386641 7.998401 -0.039829 0.990949 0.128197 105.775543 0.394284 -0.102301 0.913277 2.036030 0.000000 0.000000 0.000000 1.000000
0.918222 0.085948 -0.386628 8.002584 -0.038623 0.990949 0.128563 105.768921 0.394178 -0.103117 0.913231 2.029953 0.000000 0.000000 0.000000 1.000000
0.918303 0.085340 -0.386571 7.996767 -0.038038 0.990991 0.128412 105.767303 0.394047 -0.103216 0.913276 2.024628 0.000000 0.000000 0.000000 1.000000
0.918407 0.085018 -0.386393 7.997613 -0.037910 0.991055 0.127956 105.775940 0.393815 -0.102868 0.913415 2.018337 0.000000 0.000000 0.000000 1.000000
0.918562 0.084762 -0.386081 8.008954 -0.037844 0.991109 0.127554 105.785988 0.393460 -0.102555 0.913604 2.015860 0.000000 0.000000 0.000000 1.000000
0.918761 0.084417 -0.385684 8.021814 -0.037557 0.991131 0.127468 105.790886 0.393024 -0.102628 0.913783 2.016531 0.000000 0.000000 0.000000 1.000000
0.918989 0.083962 -0.385240 8.044477 -0.037022 0.991122 0.127696 105.806519 0.392542 -0.103089 0.913939 2.015461 0.000000 0.000000 0.000000 1.000000
0.919240 0.083433 -0.384755 8.069902 -0.036338 0.991095 0.128099 105.829453 0.392017 -0.103772 0.914087 2.013575 0.000000 0.000000 0.000000 1.000000
0.919489 0.083158 -0.384218 8.091151 -0.035853 0.991036 0.128693 105.851555 0.391476 -0.104556 0.914229 2.011424 0.000000 0.000000 0.000000 1.000000
0.919712 0.083443 -0.383625 8.105538 -0.035856 0.990921 0.129576 105.865967 0.390954 -0.105418 0.914353 2.008429 0.000000 0.000000 0.000000 1.000000
0.919921 0.084035 -0.382992 8.114057 -0.036108 0.990769 0.130663 105.873207 0.390437 -0.106370 0.914464 2.004134 0.000000 0.000000 0.000000 1.000000
0.920155 0.084409 -0.382348 8.117078 -0.036129 0.990625 0.131747 105.880478 0.389884 -0.107414 0.914578 1.998678 0.000000 0.000000 0.000000 1.000000
